101 500
26 7 16
40 13 56
28 6 21
76 41 55
46 74 57
9 42 21
1 28 19
37 32 63
31 60 80
15 92 67
55 19 39
91 35 79
88 42 52
18 65 89
44 96 65
64 13 56
62 76 17
87 69 76
62 2 62
31 12 24
92 76 27
33 10 70
45 93 85
42 84 13
82 41 14
54 13 83
47 26 56
90 70 65
50 65 56
14 17 43
82 68 28
47 30 13
57 6 73
48 93 80
29 25 8
87 11 32
65 31 49
92 66 13
12 6 16
22 12 38
17 99 43
20 95 75
64 65 56
98 39 88
25 67 6
68 35 18
39 85 44
66 41 67
62 22 45
11 76 61
92 87 68
22 68 68
66 10 13
53 43 23
62 100 54
98 22 88
19 14 43
11 67 87
84 85 29
3 83 33
32 88 33
85 54 44
16 52 42
100 73 20
72 53 64
33 4 82
16 20 12
80 63 50
60 24 65
97 15 71
62 60 80
27 60 75
97 64 71
12 55 69
46 50 85
88 43 2
61 10 21
85 74 23
17 91 11
73 40 4
23 72 35
38 8 53
29 37 16
82 79 60
53 4 82
70 95 30
27 54 78
65 57 77
80 56 40
43 86 23
22 71 78
26 66 56
66 18 15
27 69 29
35 96 77
99 94 25
52 66 17
2 3 72
37 60 16
9 14 79
6 97 9
97 80 59
43 69 2
97 19 9
100 67 16
42 93 51
88 100 16
79 31 79
31 38 53
22 87 68
61 48 77
78 41 5
39 47 13
42 35 22
92 68 27
25 13 8
14 75 79
72 28 1
11 47 48
49 81 21
99 66 25
2 98 7
35 34 79
30 78 92
35 12 46
86 89 41
48 75 80
15 31 67
47 40 56
93 87 89
71 67 75
31 7 21
48 87 7
39 73 44
2 41 49
97 56 40
66 40 26
96 34 33
100 36 50
42 70 8
39 22 57
100 43 58
47 8 48
61 18 91
34 17 35
42 36 37
89 90 63
31 89 31
29 64 16
84 43 13
26 98 7
5 29 1
29 100 58
86 48 83
32 51 63
6 88 16
4 6 82
11 2 72
69 68 89
64 93 16
53 55 88
35 89 41
1 65 19
67 49 30
55 30 24
19 11 37
68 75 53
73 30 70
83 37 61
57 83 86
41 53 62
71 81 45
48 92 13
29 92 68
53 78 88
54 29 78
43 36 50
81 16 39
71 29 78
70 24 22
80 4 50
65 25 49
39 74 57
43 65 89
1 16 86
82 50 28
52 58 48
10 43 58
48 65 77
89 53 81
64 78 84
92 64 87
2 56 15
76 48 83
60 19 67
9 12 24
48 20 47
78 52 18
44 6 73
30 20 92
96 57 77
64 30 84
100 90 54
86 46 57
65 77 59
13 43 13
62 40 4
65 67 31
3 37 51
67 82 14
78 68 18
84 62 68
87 34 51
18 28 91
50 67 85
9 60 67
7 13 21
83 96 33
88 17 26
27 74 29
15 69 2
37 95 63
50 42 11
14 78 69
2 68 28
91 78 79
73 14 42
35 30 22
3 92 72
11 37 61
25 83 61
68 72 68
18 90 73
11 8 48
29 28 1
26 60 16
66 61 77
72 64 64
18 30 6
8 90 73
81 52 42
85 62 62
56 6 85
40 44 74
65 76 19
95 67 30
40 35 74
35 7 16
42 99 37
49 27 6
29 56 10
1 42 52
56 86 81
76 80 22
6 89 81
5 6 12
66 2 15
32 25 3
87 74 32
1 35 16
16 6 12
99 82 90
68 11 40
39 42 13
86 53 82
81 73 42
8 88 53
17 2 3
67 3 87
65 19 67
9 78 11
81 55 39
46 28 76
75 6 53
17 29 35
5 86 57
37 44 51
83 1 86
13 61 21
22 19 36
60 44 65
96 22 5
28 84 76
49 9 30
80 77 66
57 91 60
84 6 29
18 20 47
22 58 36
51 41 55
2 87 7
24 77 81
42 76 22
4 100 50
47 99 35
74 6 85
69 98 86
81 74 11
44 34 51
57 69 86
71 72 68
17 89 11
91 80 8
62 66 17
94 72 35
45 50 56
16 96 42
12 78 69
93 100 36
59 28 87
76 29 10
59 49 87
9 45 30
96 41 5
96 54 36
76 56 55
42 21 1
97 25 40
19 51 9
94 47 35
22 14 38
41 85 62
76 54 83
69 55 3
2 35 41
54 86 81
67 66 64
7 4 82
54 25 33
80 70 22
85 69 29
62 28 76
21 97 59
20 67 75
100 72 36
68 88 89
18 35 74
39 77 66
78 27 11
17 73 58
98 12 28
67 48 13
89 36 37
55 68 24
37 51 7
17 26 7
72 76 19
67 28 76
47 58 48
25 98 33
41 18 6
70 92 17
40 17 26
83 29 35
84 29 68
88 56 81
54 32 33
12 1 16
20 41 45
18 97 89
62 14 38
82 45 60
10 70 65
49 10 58
52 90 63
45 81 42
60 80 66
90 73 65
49 54 21
60 25 71
83 71 75
22 27 34
67 62 76
92 41 67
19 44 43
56 43 15
99 76 90
49 50 28
86 85 23
18 2 62
84 44 76
16 76 90
88 41 14
3 62 51
2 55 3
77 88 81
21 36 59
68 9 24
34 98 33
31 67 31
50 94 25
99 85 54
70 12 46
35 80 40
56 91 36
25 49 6
11 28 87
99 34 35
45 91 60
58 90 54
49 2 28
81 62 4
90 47 48
51 27 11
87 14 69
93 44 51
70 62 8
96 81 42
70 52 17
100 23 20
79 67 13
57 56 60
85 55 27
9 19 79
48 74 47
87 19 39
1 78 52
37 15 2
90 28 21
89 23 31
89 3 37
68 25 40
53 64 23
31 94 21
60 64 71
93 78 89
10 6 21
85 30 22
11 72 32
29 73 58
73 96 65
19 56 10
57 32 3
91 58 36
50 89 11
75 78 79
31 2 49
44 42 51
97 87 89
68 31 53
55 10 27
46 45 85
8 44 73
17 57 3
95 89 63
64 67 64
72 42 1
13 42 8
74 93 85
65 51 9
69 44 76
74 91 11
22 81 45
37 48 7
56 7 55
90 9 21
49 44 74
19 3 37
93 96 36
27 75 34
62 77 80
83 27 75
78 69 89
65 78 5
42 51 11
31 93 80
54 42 21
12 66 64
66 42 26
54 6 81
30 79 13
77 21 59
16 27 6
74 64 32
3 64 87
24 53 81
56 56 60
9 63 67
87 29 51
75 91 34
21 65 59
67 30 6
97 70 46
30 33 70
72 19 36
4 62 8
82 12 38
73 45 44
7 86 82
63 31 67
20 71 45
68 10 27
79 92 72
68 98 28
2 21 41
68 100 28
80 29 8
78 22 88
19 79 79
85 58 54
19 101
